DateTime,Entries,UniqueIPs
1501265567,16,262656
1501265567,16,262656
1527797429,16,262656
1527797429,16,262656
1527797429,16,262656
1527797429,16,262656
1527797429,16,262656
1527797429,16,262656
1530465980,17,270848
1536380194,18,271104
1559762851,17,270848
